Run semi-empirical minimization
 &qmmm
    qm_theory='AM1', grms_tol=0.0005,
 scfconv=1.d-10, ndiis_attempts=700,   qmcharge=0,
 /
   9    F1       -1.0540        1.9480       -0.2010 
   9    F2        0.5430        1.2580       -1.5030 
   9    F3        1.2220        1.6490        1.0780 
   9    F4       -0.3330        0.2930        1.7580 
   9    F5       -1.8210        0.1670       -2.1650 
   9    F6       -0.4530       -1.3200       -1.3550 
   9    F7        2.0670       -0.7620        1.9160 
   9    F8        0.8060       -1.7940        0.4870 
   9    F9       -2.9830       -1.7150       -0.6820 
   9   F10       -1.6930       -1.3050        1.0210 
   9   F11        2.1050       -0.6120       -1.6010 
   9   F12        3.3420       -1.7550       -0.2370 
   9   F13       -3.9680        0.8420       -0.5960 
   9   F14       -2.6830        1.3010        1.1090 
   9   F15       -4.1730       -0.2740        1.2670 
   8    O1        4.5700        0.3290        0.6740 
   8    O2        3.3670        1.6770       -0.7040 
   6    C1       -0.2910        0.8600       -0.5110 
   6    C2        0.5310        0.5260        0.7270 
   6    C3       -1.2140       -0.2390       -1.0210 
   6    C4        1.5060       -0.6430        0.6780 
   6    C5       -2.2850       -0.7250       -0.0560 
   6    C6        2.6300       -0.5970       -0.3480 
   6    C7       -3.2790        0.3000        0.4300 
   6    C8        3.5390        0.5910       -0.1670 
   1    H1        5.1530        1.1080        0.7930 

